morphospecies	ordered_vines	V1	V2	V3	V4	V5	V6	V7	V8	V9	V10
0_Vitis_riparia	x001_279897	1.00E-05	1.00E-05	1.00E-05	0.146933	1.00E-05	1.00E-05	1.00E-05	1.00E-05	1.00E-05	0.852987
0_Vitis_riparia	x002_313922	1.00E-05	1.00E-05	1.00E-05	0.082845	1.00E-05	1.00E-05	1.00E-05	1.00E-05	1.00E-05	0.917075
0_Vitis_riparia	x003_483165	0.99991	1.00E-05	1.00E-05	1.00E-05	1.00E-05	1.00E-05	1.00E-05	1.00E-05	1.00E-05	1.00E-05
0_Vitis_riparia	x004_483166	1.00E-05	1.00E-05	1.00E-05	0.076211	1.00E-05	1.00E-05	1.00E-05	1.00E-05	0.041919	0.8818
0_Vitis_riparia	x005_483168	1.00E-05	1.00E-05	1.00E-05	0.121325	1.00E-05	1.00E-05	1.00E-05	1.00E-05	0.031508	0.847097
0_Vitis_riparia	x006_483169	1.00E-05	1.00E-05	1.00E-05	0.02612	1.00E-05	1.00E-05	1.00E-05	1.00E-05	0.062337	0.911473
0_Vitis_riparia	x007_483170	1.00E-05	0.044735	1.00E-05	0.017946	1.00E-05	1.00E-05	1.00E-05	1.00E-05	0.035414	0.901844
0_Vitis_riparia	x008_483171	1.00E-05	1.00E-05	1.00E-05	1.00E-05	1.00E-05	1.00E-05	1.00E-05	1.00E-05	0.00599	0.99393
0_Vitis_riparia	x009_483172	1.00E-05	1.00E-05	1.00E-05	0.039948	1.00E-05	1.00E-05	1.00E-05	1.00E-05	0.00477	0.955212
0_Vitis_riparia	x010_483175	0.021372	0.622022	0.037597	0.008052	1.00E-05	1.00E-05	1.00E-05	1.00E-05	0.035889	0.275029
0_Vitis_riparia	x011_483177	1.00E-05	0.307115	0.152762	0.031249	0.065054	1.40E-05	1.00E-05	1.00E-05	0.02023	0.423545
0_Vitis_riparia	x012_483181	1.00E-05	0.460679	1.00E-05	0.005863	1.00E-05	1.00E-05	1.00E-05	1.00E-05	1.00E-05	0.533388
0_Vitis_riparia	x013_483182	1.00E-05	1.00E-05	1.00E-05	0.044559	0.138679	1.00E-05	0.022497	0.020613	0.01906	0.754552
0_Vitis_riparia	x014_495622	1.00E-05	1.00E-05	1.00E-05	1.00E-05	1.00E-05	1.00E-05	1.00E-05	1.00E-05	1.00E-05	0.99991
0_Vitis_riparia	x015_495622	1.00E-05	1.00E-05	1.00E-05	1.00E-05	1.00E-05	1.00E-05	1.00E-05	1.00E-05	1.00E-05	0.99991
0_Vitis_riparia	x016_495622	1.00E-05	1.00E-05	1.00E-05	1.00E-05	1.00E-05	1.00E-05	1.00E-05	1.00E-05	1.00E-05	0.99991
0_Vitis_riparia	x017_495622	1.00E-05	1.00E-05	1.00E-05	1.00E-05	1.00E-05	1.00E-05	1.00E-05	1.00E-05	1.00E-05	0.99991
0_Vitis_riparia	x018_495622	1.00E-05	1.00E-05	1.00E-05	1.00E-05	1.00E-05	1.00E-05	1.00E-05	1.00E-05	1.00E-05	0.99991
0_Vitis_riparia	x019_495622	1.00E-05	1.00E-05	1.00E-05	1.00E-05	1.00E-05	1.00E-05	1.00E-05	1.00E-05	1.00E-05	0.99991
0_Vitis_riparia	x020_495622	1.00E-05	1.00E-05	1.00E-05	1.00E-05	1.00E-05	1.00E-05	1.00E-05	1.00E-05	1.00E-05	0.99991
0_Vitis_riparia	x021_495622	1.00E-05	1.00E-05	1.00E-05	1.00E-05	1.00E-05	1.00E-05	1.00E-05	1.00E-05	1.00E-05	0.99991
0_Vitis_riparia	x022_495622	1.00E-05	1.00E-05	0.015289	1.00E-05	1.00E-05	1.00E-05	1.00E-05	1.00E-05	1.00E-05	0.984631
0_Vitis_riparia	x023_495622	1.00E-05	0.049491	0.200311	1.00E-05	1.00E-05	1.00E-05	1.00E-05	1.00E-05	1.00E-05	0.750128
0_Vitis_riparia	x024_495622	1.00E-05	1.00E-05	1.00E-05	0.012646	1.00E-05	1.00E-05	1.00E-05	1.00E-05	1.00E-05	0.987274
0_Vitis_riparia	x025_495622	1.00E-05	1.00E-05	1.00E-05	1.00E-05	1.00E-05	1.00E-05	1.00E-05	1.00E-05	1.00E-05	0.99991
0_Vitis_riparia	x026_495622	1.00E-05	1.00E-05	1.00E-05	1.00E-05	1.00E-05	1.00E-05	1.00E-05	1.00E-05	1.00E-05	0.99991
0_Vitis_riparia	x027_495622	1.00E-05	1.00E-05	1.00E-05	1.00E-05	1.00E-05	1.00E-05	1.00E-05	1.00E-05	1.00E-05	0.99991
0_Vitis_riparia	x028_495622	1.00E-05	1.00E-05	1.00E-05	1.00E-05	1.00E-05	1.00E-05	1.00E-05	1.00E-05	1.00E-05	0.99991
0_Vitis_riparia	x029_588054	0.031349	1.00E-05	1.00E-05	0.137306	1.00E-05	1.00E-05	1.10E-05	1.00E-05	0.015956	0.815329
0_Vitis_riparia	x030_588167	1.00E-05	1.00E-05	1.00E-05	0.08192	1.00E-05	1.00E-05	1.00E-05	1.00E-05	1.00E-05	0.918
0_Vitis_riparia	x031_588190	0.000699	1.00E-05	1.00E-05	0.053628	1.00E-05	1.00E-05	1.00E-05	1.00E-05	0.041999	0.903614
0_Vitis_riparia	x032_588214	1.00E-05	1.00E-05	1.00E-05	0.103225	1.00E-05	1.00E-05	1.00E-05	1.00E-05	1.00E-05	0.896695
0_Vitis_riparia	x033_588258	1.00E-05	1.00E-05	1.00E-05	0.181143	1.70E-05	1.00E-05	1.00E-05	1.00E-05	0.031035	0.787745
0_Vitis_riparia	x034_588259	1.00E-05	1.00E-05	1.00E-05	0.15922	1.00E-05	1.00E-05	1.00E-05	1.00E-05	0.059715	0.780995
0_Vitis_riparia	x035_588260	1.00E-05	1.00E-05	1.00E-05	0.102367	1.00E-05	1.00E-05	1.00E-05	1.00E-05	0.05673	0.840833
0_Vitis_riparia	x036_588260	1.00E-05	1.00E-05	1.00E-05	0.097067	1.00E-05	1.00E-05	1.00E-05	1.00E-05	0.032313	0.87055
0_Vitis_riparia	x037_588261	0.018931	1.00E-05	1.00E-05	0.110036	1.00E-05	1.00E-05	1.00E-05	1.00E-05	0.010057	0.860916
0_Vitis_riparia	x038_588262	1.00E-05	1.00E-05	1.00E-05	0.143234	1.00E-05	1.00E-05	1.00E-05	1.00E-05	0.00209	0.854607
0_Vitis_riparia	x039_588269	1.00E-05	1.90E-05	1.00E-05	0.999899	1.00E-05	1.00E-05	1.00E-05	1.00E-05	1.20E-05	1.00E-05
0_Vitis_riparia	x040_588269	1.00E-05	1.20E-05	1.00E-05	0.999908	1.00E-05	1.00E-05	1.00E-05	1.00E-05	1.00E-05	1.00E-05
0_Vitis_riparia	x041_588271	1.00E-05	1.00E-05	1.00E-05	0.211077	1.00E-05	1.00E-05	1.00E-05	1.00E-05	0.046958	0.741895
0_Vitis_riparia	x042_588272	1.00E-05	1.00E-05	1.00E-05	0.99991	1.00E-05	1.00E-05	1.00E-05	1.00E-05	1.00E-05	1.00E-05
0_Vitis_riparia	x043_588273	1.00E-05	1.00E-05	1.00E-05	0.99991	1.00E-05	1.00E-05	1.00E-05	1.00E-05	1.00E-05	1.00E-05
0_Vitis_riparia	x044_588273	1.00E-05	1.00E-05	2.00E-05	0.9999	1.00E-05	1.00E-05	1.00E-05	1.00E-05	1.00E-05	1.00E-05
0_Vitis_riparia	x045_588274	1.00E-05	1.00E-05	1.00E-05	0.99991	1.00E-05	1.00E-05	1.00E-05	1.00E-05	1.00E-05	1.00E-05
0_Vitis_riparia	x046_588274	1.00E-05	1.00E-05	1.00E-05	0.99991	1.00E-05	1.00E-05	1.00E-05	1.00E-05	1.00E-05	1.00E-05
0_Vitis_riparia	x047_588275	1.00E-05	1.60E-05	1.00E-05	0.280698	0.007218	1.00E-05	1.00E-05	1.00E-05	0.047229	0.664789
0_Vitis_riparia	x048_588276	1.00E-05	1.00E-05	1.00E-05	0.99991	1.00E-05	1.00E-05	1.00E-05	1.00E-05	1.00E-05	1.00E-05
0_Vitis_riparia	x049_588276	1.40E-05	1.60E-05	1.00E-05	0.9999	1.00E-05	1.00E-05	1.00E-05	1.00E-05	1.00E-05	1.00E-05
0_Vitis_riparia	x050_588304	1.00E-05	1.00E-05	1.00E-05	0.058206	1.00E-05	1.00E-05	1.00E-05	1.00E-05	0.039689	0.902035
0_Vitis_riparia	x051_588345	1.00E-05	1.00E-05	1.00E-05	0.064948	1.00E-05	1.00E-05	1.00E-05	1.00E-05	0.041486	0.893496
0_Vitis_riparia	x052_588346	1.00E-05	1.00E-05	1.00E-05	0.869059	1.00E-05	1.00E-05	1.00E-05	1.00E-05	0.007264	0.123606
0_Vitis_riparia	x053_588349	1.00E-05	1.00E-05	1.00E-05	0.997713	1.00E-05	1.00E-05	1.00E-05	1.00E-05	0.002207	1.00E-05
0_Vitis_riparia	x054_588350	1.00E-05	1.00E-05	1.00E-05	0.99991	1.00E-05	1.00E-05	1.00E-05	1.00E-05	1.00E-05	1.00E-05
0_Vitis_riparia	x055_588353	1.20E-05	1.00E-05	1.00E-05	0.999908	1.00E-05	1.00E-05	1.00E-05	1.00E-05	1.00E-05	1.00E-05
0_Vitis_riparia	x056_588354	1.00E-05	1.10E-05	1.00E-05	0.144929	1.00E-05	1.00E-05	1.00E-05	1.00E-05	0.060243	0.794757
0_Vitis_riparia	x057_588369	1.00E-05	1.00E-05	1.00E-05	0.101523	1.00E-05	1.00E-05	1.00E-05	1.00E-05	1.00E-05	0.898397
0_Vitis_riparia	x058_588374	1.00E-05	1.00E-05	1.00E-05	0.99991	1.00E-05	1.00E-05	1.00E-05	1.00E-05	1.00E-05	1.00E-05
0_Vitis_riparia	x059_588400	0.043588	1.00E-05	1.00E-05	0.139238	1.00E-05	1.00E-05	1.00E-05	1.00E-05	0.126552	0.690561
0_Vitis_riparia	x060_588404	0.014656	1.00E-05	1.00E-05	0.078237	0.048939	1.00E-05	0.060682	1.00E-05	0.030959	0.766487
0_Vitis_riparia	x061_588406	1.00E-05	1.00E-05	1.00E-05	0.085354	1.00E-05	1.00E-05	1.00E-05	1.00E-05	0.028176	0.886401
0_Vitis_riparia	x062_588435	0.020842	1.00E-05	1.00E-05	0.089842	1.00E-05	1.00E-05	0.016898	1.00E-05	0.069221	0.803147
0_Vitis_riparia	x063_588436	1.00E-05	1.00E-05	0.422957	0.015786	0.179794	1.00E-05	1.00E-05	1.00E-05	1.00E-05	0.381403
0_Vitis_riparia	x064_588437	0.001512	1.20E-05	1.30E-05	0.192786	0.001169	1.00E-05	0.040045	1.00E-05	0.026265	0.738179
0_Vitis_riparia	x065_588440	0.101584	1.00E-05	1.00E-05	0.078174	0.054761	1.00E-05	0.211627	1.00E-05	0.036536	0.517277
0_Vitis_riparia	x066_588455	0.008235	1.00E-05	1.00E-05	0.062674	1.00E-05	1.00E-05	1.00E-05	1.00E-05	0.065054	0.863976
0_Vitis_riparia	x067_588456	1.00E-05	1.00E-05	1.00E-05	0.152119	1.00E-05	1.00E-05	1.00E-05	1.00E-05	1.00E-05	0.847801
0_Vitis_riparia	x068_588483	1.00E-05	0.074235	1.00E-05	0.012233	1.00E-05	1.00E-05	1.00E-05	1.00E-05	1.00E-05	0.913461
0_Vitis_riparia	x069_588510	1.00E-05	1.00E-05	1.00E-05	0.99991	1.00E-05	1.00E-05	1.00E-05	1.00E-05	1.00E-05	1.00E-05
0_Vitis_riparia	x070_588562	1.00E-05	1.00E-05	1.00E-05	0.09727	1.00E-05	1.00E-05	1.00E-05	1.00E-05	0.006238	0.896423
0_Vitis_riparia	x071_588586	1.00E-05	1.00E-05	1.00E-05	1.00E-05	1.00E-05	1.00E-05	1.00E-05	1.00E-05	1.00E-05	0.99991
0_Vitis_riparia	x072_588586	1.00E-05	1.00E-05	1.00E-05	1.00E-05	1.00E-05	1.00E-05	1.00E-05	1.00E-05	1.00E-05	0.99991
0_Vitis_riparia	x073_588586	1.00E-05	1.00E-05	1.00E-05	1.00E-05	1.00E-05	1.00E-05	1.00E-05	1.00E-05	0.015768	0.984152
0_Vitis_riparia	x074_588586	1.00E-05	1.00E-05	1.00E-05	0.039831	1.00E-05	1.00E-05	1.00E-05	1.00E-05	1.00E-05	0.960089
0_Vitis_riparia	x075_588586	1.00E-05	1.00E-05	1.00E-05	0.030441	1.00E-05	1.00E-05	1.00E-05	1.00E-05	1.00E-05	0.969479
0_Vitis_riparia	x076_588586	1.00E-05	1.00E-05	1.00E-05	1.00E-05	1.00E-05	1.00E-05	1.00E-05	1.00E-05	0.022708	0.977212
0_Vitis_riparia	x077_588586	1.00E-05	1.00E-05	1.00E-05	1.00E-05	1.00E-05	1.00E-05	1.00E-05	1.00E-05	0.007417	0.992503
0_Vitis_riparia	x078_588653	1.00E-05	1.00E-05	1.00E-05	0.133303	1.00E-05	1.00E-05	1.00E-05	1.00E-05	0.063125	0.803502
0_Vitis_riparia	x079_588710	1.00E-05	1.00E-05	1.00E-05	0.058416	1.00E-05	1.00E-05	1.00E-05	1.00E-05	0.85687	0.084644
0_Vitis_riparia	x080_588710	1.00E-05	1.00E-05	1.00E-05	0.027421	1.00E-05	1.00E-05	1.40E-05	1.00E-05	0.972495	1.00E-05
0_Vitis_riparia	x081_588710	1.00E-05	1.00E-05	1.00E-05	1.00E-05	1.00E-05	1.00E-05	1.00E-05	1.00E-05	0.99991	1.00E-05
0_Vitis_riparia	x082_588710	1.00E-05	1.00E-05	1.00E-05	1.00E-05	1.00E-05	1.40E-05	1.00E-05	1.00E-05	0.999906	1.00E-05
0_Vitis_riparia	x083_588710	1.80E-05	1.00E-05	1.00E-05	1.00E-05	1.00E-05	1.00E-05	1.00E-05	1.00E-05	0.999902	1.00E-05
0_Vitis_riparia	x084_588710	1.00E-05	1.00E-05	1.00E-05	1.00E-05	1.00E-05	1.80E-05	1.00E-05	1.00E-05	0.999902	1.00E-05
0_Vitis_riparia	x085_588710	1.00E-05	1.00E-05	1.60E-05	0.035	1.00E-05	1.00E-05	1.00E-05	1.00E-05	0.964913	1.00E-05
0_Vitis_riparia	x086_588710	1.00E-05	1.00E-05	1.00E-05	1.00E-05	1.00E-05	1.00E-05	1.30E-05	1.00E-05	0.999907	1.00E-05
0_Vitis_riparia	x087_588710	1.00E-05	1.00E-05	1.00E-05	1.00E-05	1.20E-05	1.00E-05	1.00E-05	1.00E-05	0.999908	1.00E-05
0_Vitis_riparia	x088_588710	1.00E-05	1.90E-05	1.00E-05	1.00E-05	1.70E-05	1.00E-05	1.00E-05	1.00E-05	0.999894	1.00E-05
0_Vitis_riparia	x089_588710	1.00E-05	1.00E-05	1.00E-05	1.00E-05	1.00E-05	1.00E-05	1.00E-05	1.00E-05	0.99991	1.00E-05
0_Vitis_riparia	x090_588710	1.00E-05	1.00E-05	1.00E-05	1.00E-05	1.00E-05	1.00E-05	1.00E-05	1.00E-05	0.99991	1.00E-05
0_Vitis_riparia	x091_588710	1.00E-05	1.00E-05	1.00E-05	1.00E-05	1.00E-05	1.00E-05	1.00E-05	1.00E-05	0.99991	1.00E-05
0_Vitis_riparia	x092_588710	1.00E-05	1.00E-05	1.00E-05	1.00E-05	1.00E-05	1.00E-05	1.00E-05	1.00E-05	0.99991	1.00E-05
0_Vitis_riparia	x093_588710	1.00E-05	1.10E-05	1.00E-05	1.00E-05	1.00E-05	1.00E-05	1.00E-05	1.00E-05	0.999909	1.00E-05
0_Vitis_riparia	x094_588710	1.00E-05	1.00E-05	1.00E-05	1.00E-05	1.00E-05	1.00E-05	1.00E-05	1.00E-05	0.99991	1.00E-05
0_Vitis_riparia	x095_588710	1.00E-05	1.00E-05	1.00E-05	0.083569	1.00E-05	1.00E-05	1.00E-05	1.00E-05	0.916351	1.00E-05
0_Vitis_riparia	x096_588710	1.00E-05	1.20E-05	1.00E-05	1.00E-05	1.00E-05	1.00E-05	1.00E-05	1.00E-05	0.999908	1.00E-05
0_Vitis_riparia	x097_588710	1.00E-05	1.80E-05	1.00E-05	1.00E-05	1.00E-05	1.50E-05	1.10E-05	1.00E-05	0.999896	1.00E-05
0_Vitis_riparia	x098_588710	1.00E-05	1.00E-05	1.00E-05	1.00E-05	1.00E-05	1.00E-05	1.00E-05	1.00E-05	0.99991	1.00E-05
0_Vitis_riparia	x099_588710	1.00E-05	1.00E-05	1.00E-05	1.00E-05	1.00E-05	1.10E-05	1.00E-05	1.00E-05	0.999909	1.00E-05
0_Vitis_riparia	x100_588718	1.00E-05	1.00E-05	1.00E-05	0.119381	1.00E-05	1.00E-05	1.00E-05	1.00E-05	0.023534	0.857016
0_Vitis_riparia	x101_594344	1.00E-05	1.00E-05	1.00E-05	0.098794	1.00E-05	1.00E-05	1.00E-05	1.00E-05	0.050151	0.850986
1_Vitis_acerifolia	x102_1583	0.999907	1.00E-05	1.00E-05	1.20E-05	1.00E-05	1.00E-05	1.00E-05	1.00E-05	1.00E-05	1.00E-05
1_Vitis_acerifolia	x103_318684	0.107458	1.00E-05	1.00E-05	0.078464	0.068703	1.60E-05	0.132551	1.00E-05	0.060805	0.551973
1_Vitis_acerifolia	x104_588141	0.99991	1.00E-05	1.00E-05	1.00E-05	1.00E-05	1.00E-05	1.00E-05	1.00E-05	1.00E-05	1.00E-05
1_Vitis_acerifolia	x105_588144	0.99991	1.00E-05	1.00E-05	1.00E-05	1.00E-05	1.00E-05	1.00E-05	1.00E-05	1.00E-05	1.00E-05
1_Vitis_acerifolia	x106_588324	0.99991	1.00E-05	1.00E-05	1.00E-05	1.00E-05	1.00E-05	1.00E-05	1.00E-05	1.00E-05	1.00E-05
1_Vitis_acerifolia	x107_588325	0.99991	1.00E-05	1.00E-05	1.00E-05	1.00E-05	1.00E-05	1.00E-05	1.00E-05	1.00E-05	1.00E-05
1_Vitis_acerifolia	x108_588393	0.178155	1.00E-05	1.00E-05	0.074924	0.08851	1.00E-05	0.258898	1.00E-05	0.025147	0.374327
1_Vitis_acerifolia	x109_588442	0.212945	1.00E-05	1.00E-05	0.02061	0.035376	1.00E-05	0.397888	1.00E-05	0.026025	0.307117
1_Vitis_acerifolia	x110_588448	0.419703	1.00E-05	1.00E-05	0.012068	1.00E-05	1.00E-05	0.422701	1.00E-05	0.012959	0.13252
1_Vitis_acerifolia	x111_588448	0.414046	1.00E-05	1.00E-05	0.017068	1.00E-05	1.00E-05	0.440751	1.00E-05	0.030948	0.097138
1_Vitis_acerifolia	x112_588448	0.376427	1.00E-05	1.00E-05	1.00E-05	0.006419	1.00E-05	0.440074	1.00E-05	1.00E-05	0.17702
1_Vitis_acerifolia	x113_588448	1.00E-05	1.00E-05	0.258751	0.11621	1.00E-05	1.00E-05	1.00E-05	1.00E-05	1.00E-05	0.624969
1_Vitis_acerifolia	x114_588448	0.385793	1.00E-05	1.00E-05	0.031655	1.00E-05	1.00E-05	0.449733	1.00E-05	1.00E-05	0.132758
1_Vitis_acerifolia	x115_588459	1.00E-05	1.20E-05	1.00E-05	1.00E-05	1.00E-05	1.00E-05	0.999908	1.00E-05	1.00E-05	1.00E-05
1_Vitis_acerifolia	x116_588459	1.00E-05	1.00E-05	1.00E-05	1.00E-05	1.00E-05	1.00E-05	0.99991	1.00E-05	1.00E-05	1.00E-05
1_Vitis_acerifolia	x117_588459	1.00E-05	1.00E-05	1.00E-05	1.00E-05	1.00E-05	1.00E-05	0.99991	1.00E-05	1.00E-05	1.00E-05
1_Vitis_acerifolia	x118_588459	1.00E-05	1.00E-05	1.00E-05	1.00E-05	1.00E-05	1.00E-05	0.99991	1.00E-05	1.00E-05	1.00E-05
1_Vitis_acerifolia	x119_588459	0.027902	1.00E-05	1.00E-05	1.00E-05	1.00E-05	1.00E-05	0.972018	1.00E-05	1.00E-05	1.00E-05
1_Vitis_acerifolia	x120_588459	1.00E-05	1.00E-05	1.00E-05	1.00E-05	1.00E-05	1.00E-05	0.99991	1.00E-05	1.00E-05	1.00E-05
1_Vitis_acerifolia	x121_588459	1.00E-05	1.00E-05	1.00E-05	1.00E-05	1.00E-05	1.00E-05	0.99991	1.00E-05	1.00E-05	1.00E-05
1_Vitis_acerifolia	x122_588459	1.00E-05	1.10E-05	1.00E-05	1.00E-05	1.00E-05	1.00E-05	0.999909	1.00E-05	1.00E-05	1.00E-05
1_Vitis_acerifolia	x123_588459	0.018219	1.00E-05	1.00E-05	0.014573	1.00E-05	1.00E-05	0.957982	1.00E-05	0.009167	1.00E-05
1_Vitis_acerifolia	x124_588459	1.00E-05	1.00E-05	1.00E-05	1.00E-05	1.00E-05	1.00E-05	0.99991	1.00E-05	1.00E-05	1.00E-05
1_Vitis_acerifolia	x125_588459	1.00E-05	1.00E-05	1.00E-05	0.023473	1.00E-05	1.00E-05	0.976447	1.00E-05	1.00E-05	1.00E-05
1_Vitis_acerifolia	x126_588459	1.00E-05	1.00E-05	1.00E-05	1.00E-05	1.00E-05	1.00E-05	0.99991	1.00E-05	1.00E-05	1.00E-05
1_Vitis_acerifolia	x127_588459	1.00E-05	1.00E-05	1.00E-05	0.038044	1.00E-05	1.00E-05	0.961876	1.00E-05	1.00E-05	1.00E-05
1_Vitis_acerifolia	x128_588459	1.00E-05	1.00E-05	1.00E-05	1.00E-05	1.00E-05	1.00E-05	0.99991	1.00E-05	1.00E-05	1.00E-05
1_Vitis_acerifolia	x129_588459	1.00E-05	1.00E-05	1.00E-05	1.00E-05	1.00E-05	1.00E-05	0.99991	1.00E-05	1.00E-05	1.00E-05
1_Vitis_acerifolia	x130_588459	1.00E-05	1.00E-05	1.00E-05	1.00E-05	1.00E-05	1.00E-05	0.99991	1.00E-05	1.00E-05	1.00E-05
1_Vitis_acerifolia	x131_588459	1.30E-05	1.00E-05	1.00E-05	1.00E-05	1.00E-05	1.00E-05	0.999907	1.00E-05	1.00E-05	1.00E-05
1_Vitis_acerifolia	x132_588459	1.00E-05	1.00E-05	1.00E-05	1.00E-05	1.00E-05	1.00E-05	0.99991	1.00E-05	1.00E-05	1.00E-05
1_Vitis_acerifolia	x133_588459	0.003102	1.00E-05	1.00E-05	1.00E-05	1.00E-05	1.00E-05	0.97515	1.00E-05	0.021678	1.00E-05
1_Vitis_acerifolia	x134_588459	1.00E-05	1.00E-05	1.00E-05	1.00E-05	1.00E-05	1.00E-05	0.99991	1.00E-05	1.00E-05	1.00E-05
1_Vitis_acerifolia	x135_588459	1.00E-05	1.00E-05	1.00E-05	1.00E-05	1.00E-05	1.00E-05	0.99991	1.00E-05	1.00E-05	1.00E-05
1_Vitis_acerifolia	x136_588459	1.00E-05	1.00E-05	1.00E-05	1.00E-05	1.00E-05	1.00E-05	0.99991	1.00E-05	1.00E-05	1.00E-05
2_Vitis_rupestris	x137_588147	1.00E-05	1.00E-05	1.00E-05	1.00E-05	0.99991	1.00E-05	1.00E-05	1.00E-05	1.00E-05	1.00E-05
2_Vitis_rupestris	x138_588160	1.50E-05	1.00E-05	1.00E-05	1.00E-05	0.999905	1.00E-05	1.00E-05	1.00E-05	1.00E-05	1.00E-05
2_Vitis_rupestris	x139_588181	0.040313	1.00E-05	1.00E-05	1.00E-05	0.959607	1.00E-05	1.00E-05	1.00E-05	1.00E-05	1.00E-05
2_Vitis_rupestris	x140_588188	0.002333	1.00E-05	1.00E-05	1.10E-05	0.894744	1.00E-05	1.00E-05	1.00E-05	1.00E-05	0.102852
2_Vitis_rupestris	x141_588225	0.134792	1.00E-05	1.00E-05	0.036171	0.645185	1.00E-05	0.075649	1.00E-05	0.001457	0.106707
2_Vitis_rupestris	x142_588228	1.00E-05	1.00E-05	1.00E-05	0.005225	0.782637	1.00E-05	0.093467	1.00E-05	0.017731	0.10089
2_Vitis_rupestris	x143_588229	1.00E-05	1.00E-05	1.00E-05	0.072404	0.865008	1.00E-05	1.00E-05	1.00E-05	0.023025	0.039504
2_Vitis_rupestris	x144_588330	1.00E-05	1.00E-05	1.00E-05	1.00E-05	0.99991	1.00E-05	1.00E-05	1.00E-05	1.00E-05	1.00E-05
2_Vitis_rupestris	x145_588331	0.087099	1.00E-05	1.00E-05	1.00E-05	0.653633	1.00E-05	0.169658	1.00E-05	0.013459	0.0761
2_Vitis_rupestris	x146_588333	1.00E-05	1.00E-05	1.00E-05	1.00E-05	0.99991	1.00E-05	1.00E-05	1.00E-05	1.00E-05	1.00E-05
2_Vitis_rupestris	x147_588355	1.00E-05	1.00E-05	1.00E-05	0.062099	0.931175	1.00E-05	1.00E-05	1.00E-05	0.006656	1.00E-05
2_Vitis_rupestris	x148_588415	0.118256	1.00E-05	1.00E-05	1.00E-05	0.530326	1.00E-05	0.197484	1.00E-05	1.00E-05	0.153874
2_Vitis_rupestris	x149_588454	1.00E-05	1.00E-05	1.00E-05	0.025983	0.586746	1.00E-05	1.00E-05	1.00E-05	1.00E-05	0.387201
2_Vitis_rupestris	x150_588454	1.00E-05	1.00E-05	1.00E-05	1.00E-05	0.99991	1.00E-05	1.00E-05	1.00E-05	1.00E-05	1.00E-05
2_Vitis_rupestris	x151_588454	1.00E-05	1.00E-05	1.00E-05	1.00E-05	0.99991	1.00E-05	1.00E-05	1.00E-05	1.00E-05	1.00E-05
2_Vitis_rupestris	x152_588454	1.00E-05	1.00E-05	1.00E-05	1.00E-05	0.999909	1.00E-05	1.00E-05	1.00E-05	1.10E-05	1.00E-05
2_Vitis_rupestris	x153_588454	1.00E-05	1.00E-05	1.00E-05	1.00E-05	0.99991	1.00E-05	1.00E-05	1.00E-05	1.00E-05	1.00E-05
2_Vitis_rupestris	x154_588454	1.00E-05	1.00E-05	1.00E-05	1.00E-05	0.99991	1.00E-05	1.00E-05	1.00E-05	1.00E-05	1.00E-05
2_Vitis_rupestris	x155_588454	1.00E-05	1.00E-05	1.00E-05	0.019688	0.828294	1.00E-05	1.00E-05	1.00E-05	0.016825	0.135134
2_Vitis_rupestris	x156_588540	1.00E-05	1.00E-05	1.00E-05	1.00E-05	1.00E-05	1.00E-05	1.00E-05	0.99991	1.00E-05	1.00E-05
2_Vitis_rupestris	x157_588574	0.13129	1.00E-05	1.80E-05	0.086574	0.608584	1.00E-05	0.098057	1.00E-05	0.003911	0.071537
3_Vitis_cinerea	x158_171	1.00E-05	1.00E-05	1.00E-05	1.00E-05	1.00E-05	1.30E-05	1.00E-05	0.999907	1.00E-05	1.00E-05
3_Vitis_cinerea	x159_588134	1.50E-05	1.30E-05	1.00E-05	1.00E-05	1.00E-05	0.999895	1.00E-05	1.00E-05	1.70E-05	1.00E-05
3_Vitis_cinerea	x160_588186	1.00E-05	1.00E-05	1.00E-05	1.00E-05	1.00E-05	0.99991	1.00E-05	1.00E-05	1.00E-05	1.00E-05
3_Vitis_cinerea	x161_588197	1.40E-05	1.00E-05	1.00E-05	1.00E-05	1.00E-05	0.999906	1.00E-05	1.00E-05	1.00E-05	1.00E-05
3_Vitis_cinerea	x162_588198	1.00E-05	1.80E-05	1.00E-05	1.00E-05	1.80E-05	0.999885	1.00E-05	1.00E-05	1.80E-05	1.00E-05
3_Vitis_cinerea	x163_588199	1.00E-05	1.00E-05	1.00E-05	1.00E-05	1.00E-05	0.999905	1.00E-05	1.00E-05	1.40E-05	1.00E-05
3_Vitis_cinerea	x164_588200	1.00E-05	1.00E-05	1.00E-05	1.00E-05	1.50E-05	0.999905	1.00E-05	1.00E-05	1.00E-05	1.00E-05
3_Vitis_cinerea	x165_588205	1.00E-05	1.00E-05	1.00E-05	1.00E-05	1.00E-05	0.762488	0.006468	0.20623	1.00E-05	0.024754
3_Vitis_cinerea	x166_588208	1.00E-05	1.50E-05	1.00E-05	1.00E-05	1.00E-05	0.999905	1.00E-05	1.00E-05	1.00E-05	1.00E-05
3_Vitis_cinerea	x167_588220	1.00E-05	1.00E-05	1.00E-05	1.00E-05	1.00E-05	0.99991	1.00E-05	1.00E-05	1.00E-05	1.00E-05
3_Vitis_cinerea	x168_588222	1.00E-05	1.10E-05	1.90E-05	1.00E-05	1.40E-05	0.999895	1.00E-05	1.00E-05	1.00E-05	1.00E-05
3_Vitis_cinerea	x169_588328	1.00E-05	1.00E-05	1.00E-05	1.00E-05	1.00E-05	0.999903	1.70E-05	1.00E-05	1.00E-05	1.00E-05
3_Vitis_cinerea	x170_588329	1.00E-05	1.00E-05	1.00E-05	1.00E-05	1.00E-05	0.99991	1.00E-05	1.00E-05	1.00E-05	1.00E-05
3_Vitis_cinerea	x171_588352	1.00E-05	1.00E-05	1.50E-05	1.00E-05	1.00E-05	0.999896	1.00E-05	1.80E-05	1.00E-05	1.00E-05
3_Vitis_cinerea	x172_588398	1.00E-05	1.00E-05	1.00E-05	1.00E-05	1.00E-05	0.99991	1.00E-05	1.00E-05	1.00E-05	1.00E-05
3_Vitis_cinerea	x173_588460	1.00E-05	1.00E-05	1.00E-05	1.00E-05	1.00E-05	0.99991	1.00E-05	1.00E-05	1.00E-05	1.00E-05
3_Vitis_cinerea	x174_588460	1.00E-05	1.00E-05	1.00E-05	1.00E-05	1.00E-05	0.99991	1.00E-05	1.00E-05	1.00E-05	1.00E-05
3_Vitis_cinerea	x175_588460	1.00E-05	1.00E-05	1.00E-05	1.00E-05	1.00E-05	0.99991	1.00E-05	1.00E-05	1.00E-05	1.00E-05
3_Vitis_cinerea	x176_588460	1.00E-05	1.00E-05	1.00E-05	1.10E-05	1.00E-05	0.999909	1.00E-05	1.00E-05	1.00E-05	1.00E-05
3_Vitis_cinerea	x177_588575	1.00E-05	1.00E-05	1.00E-05	1.00E-05	1.00E-05	0.999902	1.00E-05	1.00E-05	1.80E-05	1.00E-05
3_Vitis_cinerea	x178_588678	1.00E-05	1.00E-05	1.00E-05	1.00E-05	1.00E-05	0.999904	1.00E-05	1.60E-05	1.00E-05	1.00E-05
3_Vitis_cinerea	x179_588685	1.00E-05	1.00E-05	1.00E-05	1.00E-05	1.80E-05	0.999902	1.00E-05	1.00E-05	1.00E-05	1.00E-05
3_Vitis_cinerea	x180_597232	1.00E-05	1.00E-05	1.00E-05	1.00E-05	1.00E-05	0.999903	1.00E-05	1.00E-05	1.70E-05	1.00E-05
4_Vitis_aestivalis	x181_237621	1.00E-05	1.00E-05	0.422549	0.017994	0.112992	1.00E-05	1.00E-05	1.00E-05	0.06535	0.381064
4_Vitis_aestivalis	x182_483130	1.00E-05	0.69624	1.00E-05	1.00E-05	1.00E-05	1.00E-05	1.00E-05	0.30368	1.00E-05	1.00E-05
4_Vitis_aestivalis	x183_588626	1.00E-05	1.00E-05	1.00E-05	1.00E-05	1.00E-05	1.00E-05	1.00E-05	0.99991	1.00E-05	1.00E-05
4_Vitis_aestivalis	x184_588677	1.00E-05	0.285658	1.00E-05	1.00E-05	1.00E-05	0.023299	1.00E-05	0.690974	1.00E-05	1.00E-05
5_Vitis_labrusca	x185_483145	1.00E-05	0.999909	1.00E-05	1.00E-05	1.00E-05	1.00E-05	1.00E-05	1.00E-05	1.00E-05	1.00E-05
5_Vitis_labrusca	x186_483147	1.00E-05	0.999904	1.00E-05	1.00E-05	1.00E-05	1.00E-05	1.00E-05	1.60E-05	1.00E-05	1.00E-05
5_Vitis_labrusca	x187_483148	1.00E-05	0.999902	1.00E-05	1.00E-05	1.10E-05	1.00E-05	1.00E-05	1.00E-05	1.70E-05	1.00E-05
5_Vitis_labrusca	x188_483150	1.00E-05	0.99991	1.00E-05	1.00E-05	1.00E-05	1.00E-05	1.00E-05	1.00E-05	1.00E-05	1.00E-05
5_Vitis_labrusca	x189_483151	1.00E-05	0.938989	1.00E-05	1.00E-05	1.00E-05	1.00E-05	1.00E-05	0.060931	1.00E-05	1.00E-05
5_Vitis_labrusca	x190_483153	1.00E-05	0.99991	1.00E-05	1.00E-05	1.00E-05	1.00E-05	1.00E-05	1.00E-05	1.00E-05	1.00E-05
5_Vitis_labrusca	x191_483157	1.00E-05	0.99991	1.00E-05	1.00E-05	1.00E-05	1.00E-05	1.00E-05	1.00E-05	1.00E-05	1.00E-05
5_Vitis_labrusca	x192_483160	1.00E-05	0.999902	1.00E-05	1.50E-05	1.40E-05	1.00E-05	1.00E-05	1.00E-05	1.00E-05	1.00E-05
5_Vitis_labrusca	x193_483161	1.00E-05	0.99991	1.00E-05	1.00E-05	1.00E-05	1.00E-05	1.00E-05	1.00E-05	1.00E-05	1.00E-05
5_Vitis_labrusca	x194_483162	1.00E-05	0.99991	1.00E-05	1.00E-05	1.00E-05	1.00E-05	1.00E-05	1.00E-05	1.00E-05	1.00E-05
5_Vitis_labrusca	x195_483163	1.00E-05	0.832975	0.166945	1.00E-05	1.00E-05	1.00E-05	1.00E-05	1.00E-05	1.00E-05	1.00E-05
5_Vitis_labrusca	x196_588165	1.00E-05	0.99991	1.00E-05	1.00E-05	1.00E-05	1.00E-05	1.00E-05	1.00E-05	1.00E-05	1.00E-05
5_Vitis_labrusca	x197_588169	1.00E-05	0.390062	0.609858	1.00E-05	1.00E-05	1.00E-05	1.00E-05	1.00E-05	1.00E-05	1.00E-05
5_Vitis_labrusca	x198_588182	1.00E-05	0.99991	1.00E-05	1.00E-05	1.00E-05	1.00E-05	1.00E-05	1.00E-05	1.00E-05	1.00E-05
5_Vitis_labrusca	x199_588194	1.00E-05	0.99991	1.00E-05	1.00E-05	1.00E-05	1.00E-05	1.00E-05	1.00E-05	1.00E-05	1.00E-05
5_Vitis_labrusca	x200_588583	1.00E-05	0.999909	1.00E-05	1.00E-05	1.00E-05	1.10E-05	1.10E-05	1.00E-05	1.00E-05	1.00E-05
5_Vitis_labrusca	x201_588584	1.00E-05	0.99991	1.00E-05	1.00E-05	1.00E-05	1.00E-05	1.00E-05	1.00E-05	1.00E-05	1.00E-05
5_Vitis_labrusca	x202_588647	1.00E-05	0.999903	1.00E-05	1.70E-05	1.00E-05	1.00E-05	1.00E-05	1.00E-05	1.00E-05	1.00E-05
5_Vitis_labrusca	x203_588658	1.00E-05	0.940987	0.058933	1.00E-05	1.00E-05	1.00E-05	1.00E-05	1.00E-05	1.00E-05	1.00E-05
5_Vitis_labrusca	x204_588675	1.00E-05	0.85312	0.1468	1.00E-05	1.00E-05	1.00E-05	1.00E-05	1.00E-05	1.00E-05	1.00E-05
5_Vitis_labrusca	x205_594349	1.00E-05	0.558319	0.441601	1.00E-05	1.00E-05	1.00E-05	1.00E-05	1.00E-05	1.00E-05	1.00E-05
5_Vitis_labrusca	x206_597172	1.00E-05	0.827715	0.172205	1.00E-05	1.00E-05	1.00E-05	1.00E-05	1.00E-05	1.00E-05	1.00E-05
6_Vitis_palmata	x207_588152	1.00E-05	1.00E-05	1.00E-05	1.00E-05	1.00E-05	1.00E-05	1.00E-05	0.99991	1.00E-05	1.00E-05
6_Vitis_palmata	x208_588155	1.00E-05	1.00E-05	1.00E-05	1.00E-05	1.00E-05	1.00E-05	1.00E-05	0.99991	1.00E-05	1.00E-05
6_Vitis_palmata	x209_588201	1.00E-05	1.00E-05	1.00E-05	1.00E-05	1.00E-05	1.00E-05	1.00E-05	0.99991	1.00E-05	1.00E-05
7_Vitis_amurensis	x210_588385	1.00E-05	1.00E-05	0.99991	1.00E-05	1.00E-05	1.00E-05	1.00E-05	1.00E-05	1.00E-05	1.00E-05
7_Vitis_amurensis	x211_588399	0.256029	1.70E-05	1.00E-05	0.038612	0.03787	1.00E-05	0.322178	1.00E-05	0.009217	0.336047
7_Vitis_amurensis	x212_588633	1.00E-05	1.00E-05	0.999909	1.00E-05	1.00E-05	1.00E-05	1.00E-05	1.00E-05	1.10E-05	1.00E-05
7_Vitis_amurensis	x213_588637	1.00E-05	1.00E-05	0.99991	1.00E-05	1.00E-05	1.00E-05	1.00E-05	1.00E-05	1.00E-05	1.00E-05
7_Vitis_amurensis	x214_588640	1.00E-05	1.00E-05	0.99991	1.00E-05	1.00E-05	1.00E-05	1.00E-05	1.00E-05	1.00E-05	1.00E-05
7_Vitis_amurensis	x215_588641	1.00E-05	1.00E-05	0.99991	1.00E-05	1.00E-05	1.00E-05	1.00E-05	1.00E-05	1.00E-05	1.00E-05
8_Vitis_coignetiae	x216_588060	1.00E-05	1.00E-05	0.99991	1.00E-05	1.00E-05	1.00E-05	1.00E-05	1.00E-05	1.00E-05	1.00E-05
Vitis_spp	y01_588282	1.00E-05	1.00E-05	1.00E-05	0.110294	1.00E-05	1.00E-05	1.00E-05	1.00E-05	0.077803	0.811833
Vitis_spp	y02_588508	1.00E-05	1.00E-05	1.00E-05	0.039888	1.00E-05	1.00E-05	1.00E-05	1.00E-05	0.047105	0.912937
Vitis_spp	y03_588628	0.044079	0.02115	1.00E-05	1.00E-05	0.454828	1.00E-05	1.00E-05	0.469405	0.001651	0.008847
Vitis_spp	y04_588501	1.00E-05	0.99991	1.00E-05	1.00E-05	1.00E-05	1.00E-05	1.00E-05	1.00E-05	1.00E-05	1.00E-05
Vitis_spp	y05_588529	1.00E-05	0.642404	0.040106	1.00E-05	1.00E-05	1.00E-05	1.00E-05	0.31742	1.00E-05	1.00E-05
Vitis_spp	y06_588549	1.00E-05	0.521956	1.00E-05	1.00E-05	1.00E-05	1.00E-05	1.00E-05	0.477964	1.00E-05	1.00E-05
Vitis_spp	y07_597294	1.00E-05	1.00E-05	0.877549	1.00E-05	1.00E-05	1.00E-05	0.122371	1.00E-05	1.00E-05	1.00E-05
Vitis_spp	y08_597293	1.00E-05	1.00E-05	0.99991	1.00E-05	1.00E-05	1.00E-05	1.00E-05	1.00E-05	1.00E-05	1.00E-05
Vitis_spp	y09_597295	1.00E-05	1.00E-05	0.99991	1.00E-05	1.00E-05	1.00E-05	1.00E-05	1.00E-05	1.00E-05	1.00E-05
Vitis_spp	y10_597298	1.00E-05	1.00E-05	0.99991	1.00E-05	1.00E-05	1.00E-05	1.00E-05	1.00E-05	1.00E-05	1.00E-05